Best val_acc: 0.0414
Test loss: 3.2584
Test acc: 0.0375

              precision    recall  f1-score   support

           0     0.0000    0.0000    0.0000        19
           1     0.0375    1.0000    0.0722        19
           2     0.0000    0.0000    0.0000        19
           3     0.0000    0.0000    0.0000        20
           4     0.0000    0.0000    0.0000        20
           5     0.0000    0.0000    0.0000        19
           6     0.0000    0.0000    0.0000        20
           7     0.0000    0.0000    0.0000        20
           8     0.0000    0.0000    0.0000        19
           9     0.0000    0.0000    0.0000        19
          10     0.0000    0.0000    0.0000        20
          11     0.0000    0.0000    0.0000        19
          12     0.0000    0.0000    0.0000        19
          13     0.0000    0.0000    0.0000        19
          14     0.0000    0.0000    0.0000        20
          15     0.0000    0.0000    0.0000        19
          16     0.0000    0.0000    0.0000        19
          17     0.0000    0.0000    0.0000        20
          18     0.0000    0.0000    0.0000        20
          19     0.0000    0.0000    0.0000        20
          20     0.0000    0.0000    0.0000        20
          21     0.0000    0.0000    0.0000        20
          22     0.0000    0.0000    0.0000        20
          23     0.0000    0.0000    0.0000        19
          24     0.0000    0.0000    0.0000        19
          25     0.0000    0.0000    0.0000        20

    accuracy                         0.0375       507
   macro avg     0.0014    0.0385    0.0028       507
weighted avg     0.0014    0.0375    0.0027       507

