Best val_acc: 0.9822
Test loss: 0.5585
Test acc: 0.9645

              precision    recall  f1-score   support

           0     0.9286    1.0000    0.9630        13
           1     1.0000    1.0000    1.0000        13
           2     1.0000    1.0000    1.0000        13
           3     0.9231    0.9231    0.9231        13
           4     1.0000    0.8462    0.9167        13
           5     1.0000    1.0000    1.0000        13
           6     1.0000    1.0000    1.0000        13
           7     1.0000    1.0000    1.0000        13
           8     1.0000    0.7692    0.8696        13
           9     1.0000    0.9231    0.9600        13
          10     1.0000    1.0000    1.0000        13
          11     1.0000    1.0000    1.0000        13
          12     1.0000    1.0000    1.0000        13
          13     1.0000    1.0000    1.0000        13
          14     1.0000    1.0000    1.0000        13
          15     1.0000    1.0000    1.0000        13
          16     1.0000    0.9231    0.9600        13
          17     0.7647    1.0000    0.8667        13
          18     1.0000    1.0000    1.0000        13
          19     1.0000    0.9231    0.9600        13
          20     0.9286    1.0000    0.9630        13
          21     0.9167    0.8462    0.8800        13
          22     0.9231    0.9231    0.9231        13
          23     1.0000    1.0000    1.0000        13
          24     0.8667    1.0000    0.9286        13
          25     0.9286    1.0000    0.9630        13

    accuracy                         0.9645       338
   macro avg     0.9685    0.9645    0.9645       338
weighted avg     0.9685    0.9645    0.9645       338

