Best val_acc: 0.9556
Test loss: 0.4113
Test acc: 0.9586

              precision    recall  f1-score   support

           0     0.9167    0.8462    0.8800        13
           1     1.0000    1.0000    1.0000        13
           2     0.9286    1.0000    0.9630        13
           3     1.0000    0.8462    0.9167        13
           4     0.9231    0.9231    0.9231        13
           5     1.0000    1.0000    1.0000        13
           6     1.0000    1.0000    1.0000        13
           7     0.9286    1.0000    0.9630        13
           8     1.0000    0.9231    0.9600        13
           9     1.0000    0.9231    0.9600        13
          10     0.9286    1.0000    0.9630        13
          11     0.9286    1.0000    0.9630        13
          12     1.0000    0.9231    0.9600        13
          13     0.8571    0.9231    0.8889        13
          14     1.0000    0.9231    0.9600        13
          15     1.0000    1.0000    1.0000        13
          16     0.9286    1.0000    0.9630        13
          17     1.0000    1.0000    1.0000        13
          18     1.0000    0.9231    0.9600        13
          19     0.9286    1.0000    0.9630        13
          20     0.8125    1.0000    0.8966        13
          21     1.0000    0.7692    0.8696        13
          22     1.0000    1.0000    1.0000        13
          23     1.0000    1.0000    1.0000        13
          24     0.9286    1.0000    0.9630        13
          25     1.0000    1.0000    1.0000        13

    accuracy                         0.9586       338
   macro avg     0.9619    0.9586    0.9583       338
weighted avg     0.9619    0.9586    0.9583       338

