Best val_acc: 0.9675
Test loss: 0.4532
Test acc: 0.9438

              precision    recall  f1-score   support

           0     0.9231    0.9231    0.9231        13
           1     0.9167    0.8462    0.8800        13
           2     1.0000    1.0000    1.0000        13
           3     0.9167    0.8462    0.8800        13
           4     1.0000    1.0000    1.0000        13
           5     1.0000    1.0000    1.0000        13
           6     1.0000    1.0000    1.0000        13
           7     1.0000    0.8462    0.9167        13
           8     1.0000    0.7692    0.8696        13
           9     1.0000    0.8462    0.9167        13
          10     1.0000    0.9231    0.9600        13
          11     1.0000    1.0000    1.0000        13
          12     1.0000    0.8462    0.9167        13
          13     0.7500    0.9231    0.8276        13
          14     0.9231    0.9231    0.9231        13
          15     0.8125    1.0000    0.8966        13
          16     1.0000    1.0000    1.0000        13
          17     0.8000    0.9231    0.8571        13
          18     1.0000    1.0000    1.0000        13
          19     0.8667    1.0000    0.9286        13
          20     0.8667    1.0000    0.9286        13
          21     1.0000    1.0000    1.0000        13
          22     1.0000    0.9231    0.9600        13
          23     0.9286    1.0000    0.9630        13
          24     1.0000    1.0000    1.0000        13
          25     1.0000    1.0000    1.0000        13

    accuracy                         0.9438       338
   macro avg     0.9501    0.9438    0.9441       338
weighted avg     0.9501    0.9438    0.9441       338

