Best val_acc: 0.9586
Test loss: 0.2855
Test acc: 0.9645

              precision    recall  f1-score   support

           0     1.0000    0.9231    0.9600        13
           1     1.0000    1.0000    1.0000        13
           2     0.9286    1.0000    0.9630        13
           3     1.0000    0.8462    0.9167        13
           4     0.9231    0.9231    0.9231        13
           5     1.0000    1.0000    1.0000        13
           6     1.0000    1.0000    1.0000        13
           7     0.8571    0.9231    0.8889        13
           8     1.0000    0.8462    0.9167        13
           9     1.0000    0.9231    0.9600        13
          10     1.0000    1.0000    1.0000        13
          11     1.0000    1.0000    1.0000        13
          12     0.9231    0.9231    0.9231        13
          13     0.8462    0.8462    0.8462        13
          14     1.0000    1.0000    1.0000        13
          15     1.0000    1.0000    1.0000        13
          16     0.8667    1.0000    0.9286        13
          17     1.0000    1.0000    1.0000        13
          18     1.0000    1.0000    1.0000        13
          19     1.0000    1.0000    1.0000        13
          20     0.9286    1.0000    0.9630        13
          21     1.0000    1.0000    1.0000        13
          22     0.8667    1.0000    0.9286        13
          23     1.0000    0.9231    0.9600        13
          24     1.0000    1.0000    1.0000        13
          25     1.0000    1.0000    1.0000        13

    accuracy                         0.9645       338
   macro avg     0.9669    0.9645    0.9645       338
weighted avg     0.9669    0.9645    0.9645       338

