Best val_acc: 0.9556
Test loss: 0.4845
Test acc: 0.9645

              precision    recall  f1-score   support

           0     0.9231    0.9231    0.9231        13
           1     1.0000    1.0000    1.0000        13
           2     1.0000    1.0000    1.0000        13
           3     1.0000    0.9231    0.9600        13
           4     1.0000    1.0000    1.0000        13
           5     0.9286    1.0000    0.9630        13
           6     0.9286    1.0000    0.9630        13
           7     0.9286    1.0000    0.9630        13
           8     1.0000    0.9231    0.9600        13
           9     0.8571    0.9231    0.8889        13
          10     1.0000    1.0000    1.0000        13
          11     0.9286    1.0000    0.9630        13
          12     1.0000    1.0000    1.0000        13
          13     1.0000    1.0000    1.0000        13
          14     0.9167    0.8462    0.8800        13
          15     1.0000    1.0000    1.0000        13
          16     0.8571    0.9231    0.8889        13
          17     0.9167    0.8462    0.8800        13
          18     1.0000    1.0000    1.0000        13
          19     1.0000    1.0000    1.0000        13
          20     0.9286    1.0000    0.9630        13
          21     1.0000    0.9231    0.9600        13
          22     1.0000    0.9231    0.9600        13
          23     1.0000    0.9231    0.9600        13
          24     1.0000    1.0000    1.0000        13
          25     1.0000    1.0000    1.0000        13

    accuracy                         0.9645       338
   macro avg     0.9659    0.9645    0.9644       338
weighted avg     0.9659    0.9645    0.9644       338

