Best val_acc: 0.9675
Test loss: 0.4240
Test acc: 0.9379

              precision    recall  f1-score   support

           0     1.0000    0.8462    0.9167        13
           1     1.0000    1.0000    1.0000        13
           2     1.0000    1.0000    1.0000        13
           3     1.0000    0.7692    0.8696        13
           4     0.8125    1.0000    0.8966        13
           5     1.0000    1.0000    1.0000        13
           6     1.0000    1.0000    1.0000        13
           7     0.9231    0.9231    0.9231        13
           8     1.0000    0.7692    0.8696        13
           9     1.0000    0.9231    0.9600        13
          10     1.0000    1.0000    1.0000        13
          11     0.9286    1.0000    0.9630        13
          12     0.9231    0.9231    0.9231        13
          13     0.7333    0.8462    0.7857        13
          14     0.9231    0.9231    0.9231        13
          15     1.0000    1.0000    1.0000        13
          16     1.0000    1.0000    1.0000        13
          17     0.9231    0.9231    0.9231        13
          18     1.0000    1.0000    1.0000        13
          19     0.8333    0.7692    0.8000        13
          20     1.0000    0.8462    0.9167        13
          21     0.9231    0.9231    0.9231        13
          22     0.8125    1.0000    0.8966        13
          23     1.0000    1.0000    1.0000        13
          24     1.0000    1.0000    1.0000        13
          25     0.8125    1.0000    0.8966        13

    accuracy                         0.9379       338
   macro avg     0.9442    0.9379    0.9379       338
weighted avg     0.9442    0.9379    0.9379       338

