Best val_acc: 0.9675
Test loss: 0.4760
Test acc: 0.9408

              precision    recall  f1-score   support

           0     0.7647    1.0000    0.8667        13
           1     1.0000    1.0000    1.0000        13
           2     1.0000    0.8462    0.9167        13
           3     1.0000    0.8462    0.9167        13
           4     0.8333    0.7692    0.8000        13
           5     1.0000    1.0000    1.0000        13
           6     0.9286    1.0000    0.9630        13
           7     1.0000    0.9231    0.9600        13
           8     0.9167    0.8462    0.8800        13
           9     0.9167    0.8462    0.8800        13
          10     1.0000    1.0000    1.0000        13
          11     1.0000    1.0000    1.0000        13
          12     1.0000    1.0000    1.0000        13
          13     0.8462    0.8462    0.8462        13
          14     0.8125    1.0000    0.8966        13
          15     1.0000    1.0000    1.0000        13
          16     1.0000    0.9231    0.9600        13
          17     0.7692    0.7692    0.7692        13
          18     1.0000    0.9231    0.9600        13
          19     1.0000    1.0000    1.0000        13
          20     0.8125    1.0000    0.8966        13
          21     1.0000    1.0000    1.0000        13
          22     1.0000    1.0000    1.0000        13
          23     1.0000    1.0000    1.0000        13
          24     1.0000    0.9231    0.9600        13
          25     1.0000    1.0000    1.0000        13

    accuracy                         0.9408       338
   macro avg     0.9462    0.9408    0.9412       338
weighted avg     0.9462    0.9408    0.9412       338

